Name 14 0 0
1474736141349
Name 14 0 1
1474736141349
Name 14 0 2
1474736141349
Name 14 0 3
1474736141349
Name 14 0 4
1474736141349
Name 14 1 0
1474736141349
Name 14 1 1
1474736141349
Name 14 1 2
1474736141349
Name 14 1 3
1474736141349
Name 14 1 4
1474736141349
Name 14 2 0
1474736141349
Name 14 2 1
1474736141349
Name 14 2 2
1474736141349
Name 14 2 3
1474736141349
Name 14 2 4
1474736141349
Name 14 3 0
1474736141349
Name 14 3 1
1474736141349
Name 14 3 2
1474736141349
Name 14 3 3
1474736141349
Name 14 3 4
1474736141349
Name 14 4 0
1474736141349
Name 14 4 1
1474736141349
Name 14 4 2
1474736141349
Name 14 4 3
1474736141349
Name 14 4 4
1474736141349
